[
  {
    "view": 0,
    "intrinsics": {
      "fx": 711.1111111111111,
      "fy": 711.1111111111111,
      "cx": 256.0,
      "cy": 256.0,
      "w": 512,
      "h": 512
    },
    "c2w": [
      [
        1.0,
        0.0,
        0.0,
        0.0
      ],
      [
        0.0,
        1.0,
        0.0,
        0.0
      ],
      [
        0.0,
        0.0,
        1.0,
        0.0
      ],
      [
        0.0,
        0.0,
        0.0,
        1.0
      ]
    ],
    "w2c": [
      [
        1.0,
        -0.0,
        0.0,
        -0.0
      ],
      [
        -0.0,
        1.0,
        -0.0,
        0.0
      ],
      [
        0.0,
        -0.0,
        1.0,
        -0.0
      ],
      [
        -0.0,
        0.0,
        -0.0,
        1.0
      ]
    ]
  },
  {
    "view": 1,
    "intrinsics": {
      "fx": 711.1111111111111,
      "fy": 711.1111111111111,
      "cx": 256.0,
      "cy": 256.0,
      "w": 512,
      "h": 512
    },
    "c2w": [
      [
        -4.371138828673793e-08,
        -0.2588190734386444,
        0.9659258127212524,
        2.1250367164611816
      ],
      [
        1.0,
        -6.087958581701969e-08,
        2.8940725371739973e-08,
        0.0
      ],
      [
        5.1314749782704894e-08,
        0.9659258127212524,
        0.2588190734386444,
        0.5694019198417664
      ],
      [
        0.0,
        0.0,
        0.0,
        1.0
      ]
    ],
    "w2c": [
      [
        -4.371139183945161e-08,
        1.0,
        5.1314749782704894e-08,
        6.366959581782794e-08
      ],
      [
        -0.2588190734386444,
        -6.087958581701969e-08,
        0.9659258127212524,
        -3.8761781971814995e-15
      ],
      [
        0.9659258127212524,
        2.8940723595383133e-08,
        0.2588190734386444,
        -2.1999998092651367
      ],
      [
        -0.0,
        0.0,
        -0.0,
        1.0
      ]
    ]
  },
  {
    "view": 2,
    "intrinsics": {
      "fx": 711.1111111111111,
      "fy": 711.1111111111111,
      "cx": 256.0,
      "cy": 256.0,
      "w": 512,
      "h": 512
    },
    "c2w": [
      [
        -0.25881925225257874,
        -0.24999989569187164,
        0.9330126643180847,
        2.0526280403137207
      ],
      [
        0.9659257531166077,
        -0.06698732823133469,
        0.2500002086162567,
        0.550000011920929
      ],
      [
        -6.6087739725162464e-09,
        0.9659258723258972,
        0.25881895422935486,
        0.5694019198417664
      ],
      [
        0.0,
        0.0,
        0.0,
        1.0
      ]
    ],
    "w2c": [
      [
        -0.2588192820549011,
        0.9659258127212524,
        0.0,
        4.93582035687723e-07
      ],
      [
        -0.24999989569187164,
        -0.06698732078075409,
        0.9659258127212524,
        -1.5757110816139175e-07
      ],
      [
        0.9330126643180847,
        0.2500002086162567,
        0.25881895422935486,
        -2.200000047683716
      ],
      [
        -0.0,
        -0.0,
        -0.0,
        1.0
      ]
    ]
  },
  {
    "view": 3,
    "intrinsics": {
      "fx": 711.1111111111111,
      "fy": 711.1111111111111,
      "cx": 256.0,
      "cy": 256.0,
      "w": 512,
      "h": 512
    },
    "c2w": [
      [
        -0.5000000596046448,
        -0.22414369881153107,
        0.8365163207054138,
        1.8403358459472656
      ],
      [
        0.8660253882408142,
        -0.12940962612628937,
        0.4829629361629486,
        1.0625183582305908
      ],
      [
        1.5852964452278684e-07,
        0.9659258723258972,
        0.25881895422935486,
        0.5694019198417664
      ],
      [
        0.0,
        0.0,
        0.0,
        1.0
      ]
    ],
    "w2c": [
      [
        -0.5000000596046448,
        0.866025447845459,
        1.6391277313232422e-07,
        6.397672791536024e-08
      ],
      [
        -0.22414371371269226,
        -0.12940962612628937,
        0.9659258723258972,
        -2.5517277890685364e-07
      ],
      [
        0.8365163207054138,
        0.482962965965271,
        0.25881895422935486,
        -2.200000047683716
      ],
      [
        -0.0,
        0.0,
        -0.0,
        1.0
      ]
    ]
  },
  {
    "view": 4,
    "intrinsics": {
      "fx": 711.1111111111111,
      "fy": 711.1111111111111,
      "cx": 256.0,
      "cy": 256.0,
      "w": 512,
      "h": 512
    },
    "c2w": [
      [
        -0.7071067690849304,
        -0.18301279842853546,
        0.6830126643180847,
        1.502627968788147
      ],
      [
        0.7071067690849304,
        -0.18301264941692352,
        0.6830127239227295,
        1.502627968788147
      ],
      [
        -1.1075775319113745e-07,
        0.9659258127212524,
        0.2588190734386444,
        0.5694019198417664
      ],
      [
        0.0,
        0.0,
        0.0,
        1.0
      ]
    ],
    "w2c": [
      [
        -0.7071068286895752,
        0.7071068286895752,
        -1.1920930376163597e-07,
        1.206015411980843e-07
      ],
      [
        -0.18301281332969666,
        -0.18301266431808472,
        0.9659258723258972,
        6.32202912242974e-08
      ],
      [
        0.6830127239227295,
        0.6830127239227295,
        0.2588190734386444,
        -2.200000047683716
      ],
      [
        -0.0,
        -0.0,
        -0.0,
        1.0
      ]
    ]
  },
  {
    "view": 5,
    "intrinsics": {
      "fx": 711.1111111111111,
      "fy": 711.1111111111111,
      "cx": 256.0,
      "cy": 256.0,
      "w": 512,
      "h": 512
    },
    "c2w": [
      [
        -0.8660255074501038,
        -0.12940961122512817,
        0.4829627275466919,
        1.0625183582305908
      ],
      [
        0.4999998211860657,
        -0.22414398193359375,
        0.8365163803100586,
        1.8403358459472656
      ],
      [
        -7.338650931387747e-08,
        0.9659258127212524,
        0.25881919264793396,
        0.5694019198417664
      ],
      [
        0.0,
        0.0,
        0.0,
        1.0
      ]
    ],
    "w2c": [
      [
        -0.866025447845459,
        0.4999997913837433,
        -7.450579886381092e-08,
        4.2945873701683013e-07
      ],
      [
        -0.12940959632396698,
        -0.22414396703243256,
        0.9659256935119629,
        2.998762624883966e-07
      ],
      [
        0.48296263813972473,
        0.836516261100769,
        0.2588191628456116,
        -2.1999998092651367
      ],
      [
        -0.0,
        -0.0,
        -0.0,
        1.0
      ]
    ]
  },
  {
    "view": 6,
    "intrinsics": {
      "fx": 711.1111111111111,
      "fy": 711.1111111111111,
      "cx": 256.0,
      "cy": 256.0,
      "w": 512,
      "h": 512
    },
    "c2w": [
      [
        -0.9659258127212524,
        -0.06698746979236603,
        0.2500000596046448,
        0.550000011920929
      ],
      [
        0.2588191330432892,
        -0.25000008940696716,
        0.9330126643180847,
        2.0526280403137207
      ],
      [
        -1.229760187015927e-07,
        0.9659258127212524,
        0.25881919264793396,
        0.5694019198417664
      ],
      [
        0.0,
        0.0,
        0.0,
        1.0
      ]
    ],
    "w2c": [
      [
        -0.9659257531166077,
        0.2588191330432892,
        -1.1920927533992653e-07,
        -1.8550169045283837e-07
      ],
      [
        -0.06698746234178543,
        -0.25000008940696716,
        0.9659256935119629,
        3.570120554741152e-07
      ],
      [
        0.2500000298023224,
        0.9330125451087952,
        0.2588191628456116,
        -2.200000047683716
      ],
      [
        -0.0,
        -0.0,
        -0.0,
        1.0
      ]
    ]
  },
  {
    "view": 7,
    "intrinsics": {
      "fx": 711.1111111111111,
      "fy": 711.1111111111111,
      "cx": 256.0,
      "cy": 256.0,
      "w": 512,
      "h": 512
    },
    "c2w": [
      [
        -1.0,
        5.893987164995451e-08,
        1.0629961622043993e-07,
        1.30120976364079e-16
      ],
      [
        8.742277657347586e-08,
        -0.2588190734386444,
        0.9659258127212524,
        2.1250367164611816
      ],
      [
        8.444391141892993e-08,
        0.9659258127212524,
        0.2588190734386444,
        0.5694019198417664
      ],
      [
        0.0,
        0.0,
        0.0,
        1.0
      ]
    ],
    "w2c": [
      [
        -1.0,
        8.742278367890322e-08,
        8.444391141892993e-08,
        -2.3385914005302766e-07
      ],
      [
        5.893987164995451e-08,
        -0.2588190734386444,
        0.9659258127212524,
        1.3783629084298827e-14
      ],
      [
        1.0629960911501257e-07,
        0.9659258127212524,
        0.2588190734386444,
        -2.1999998092651367
      ],
      [
        -0.0,
        -0.0,
        -0.0,
        1.0
      ]
    ]
  },
  {
    "view": 8,
    "intrinsics": {
      "fx": 711.1111111111111,
      "fy": 711.1111111111111,
      "cx": 256.0,
      "cy": 256.0,
      "w": 512,
      "h": 512
    },
    "c2w": [
      [
        -0.9659258127212524,
        0.06698746979236603,
        -0.2500000596046448,
        -0.550000011920929
      ],
      [
        -0.2588191330432892,
        -0.25000008940696716,
        0.9330126643180847,
        2.0526280403137207
      ],
      [
        1.229760187015927e-07,
        0.9659258127212524,
        0.25881919264793396,
        0.5694019198417664
      ],
      [
        0.0,
        0.0,
        0.0,
        1.0
      ]
    ],
    "w2c": [
      [
        -0.9659257531166077,
        -0.2588191330432892,
        1.1920927533992653e-07,
        1.8550169045283837e-07
      ],
      [
        0.06698746234178543,
        -0.25000008940696716,
        0.9659256935119629,
        3.570120554741152e-07
      ],
      [
        -0.2500000298023224,
        0.9330125451087952,
        0.2588191628456116,
        -2.200000047683716
      ],
      [
        -0.0,
        0.0,
        -0.0,
        1.0
      ]
    ]
  },
  {
    "view": 9,
    "intrinsics": {
      "fx": 711.1111111111111,
      "fy": 711.1111111111111,
      "cx": 256.0,
      "cy": 256.0,
      "w": 512,
      "h": 512
    },
    "c2w": [
      [
        -0.8660255074501038,
        0.12940961122512817,
        -0.4829627275466919,
        -1.0625183582305908
      ],
      [
        -0.4999998211860657,
        -0.22414398193359375,
        0.8365163803100586,
        1.8403358459472656
      ],
      [
        7.338650931387747e-08,
        0.9659258127212524,
        0.25881919264793396,
        0.5694019198417664
      ],
      [
        0.0,
        0.0,
        0.0,
        1.0
      ]
    ],
    "w2c": [
      [
        -0.866025447845459,
        -0.4999997913837433,
        7.450579886381092e-08,
        -4.2945873701683013e-07
      ],
      [
        0.12940959632396698,
        -0.22414396703243256,
        0.9659256935119629,
        2.998762624883966e-07
      ],
      [
        -0.48296263813972473,
        0.836516261100769,
        0.2588191628456116,
        -2.1999998092651367
      ],
      [
        -0.0,
        0.0,
        -0.0,
        1.0
      ]
    ]
  },
  {
    "view": 10,
    "intrinsics": {
      "fx": 711.1111111111111,
      "fy": 711.1111111111111,
      "cx": 256.0,
      "cy": 256.0,
      "w": 512,
      "h": 512
    },
    "c2w": [
      [
        -0.7071067690849304,
        0.18301279842853546,
        -0.6830126643180847,
        -1.502627968788147
      ],
      [
        -0.7071067690849304,
        -0.18301264941692352,
        0.6830127239227295,
        1.502627968788147
      ],
      [
        1.1075775319113745e-07,
        0.9659258127212524,
        0.2588190734386444,
        0.5694019198417664
      ],
      [
        0.0,
        0.0,
        0.0,
        1.0
      ]
    ],
    "w2c": [
      [
        -0.7071068286895752,
        -0.7071068286895752,
        1.1920930376163597e-07,
        -1.206015411980843e-07
      ],
      [
        0.18301281332969666,
        -0.18301266431808472,
        0.9659258723258972,
        6.32202912242974e-08
      ],
      [
        -0.6830127239227295,
        0.6830127239227295,
        0.2588190734386444,
        -2.200000047683716
      ],
      [
        -0.0,
        0.0,
        -0.0,
        1.0
      ]
    ]
  },
  {
    "view": 11,
    "intrinsics": {
      "fx": 711.1111111111111,
      "fy": 711.1111111111111,
      "cx": 256.0,
      "cy": 256.0,
      "w": 512,
      "h": 512
    },
    "c2w": [
      [
        -0.5000000596046448,
        0.22414369881153107,
        -0.8365163207054138,
        -1.8403358459472656
      ],
      [
        -0.8660253882408142,
        -0.12940962612628937,
        0.4829629361629486,
        1.0625183582305908
      ],
      [
        -1.5852964452278684e-07,
        0.9659258723258972,
        0.25881895422935486,
        0.5694019198417664
      ],
      [
        0.0,
        0.0,
        0.0,
        1.0
      ]
    ],
    "w2c": [
      [
        -0.5000000596046448,
        -0.866025447845459,
        -1.6391277313232422e-07,
        -6.397672791536024e-08
      ],
      [
        0.22414371371269226,
        -0.12940962612628937,
        0.9659258723258972,
        -2.5517277890685364e-07
      ],
      [
        -0.8365163207054138,
        0.482962965965271,
        0.25881895422935486,
        -2.200000047683716
      ],
      [
        0.0,
        0.0,
        -0.0,
        1.0
      ]
    ]
  },
  {
    "view": 12,
    "intrinsics": {
      "fx": 711.1111111111111,
      "fy": 711.1111111111111,
      "cx": 256.0,
      "cy": 256.0,
      "w": 512,
      "h": 512
    },
    "c2w": [
      [
        -0.25881925225257874,
        0.24999989569187164,
        -0.9330126643180847,
        -2.0526280403137207
      ],
      [
        -0.9659257531166077,
        -0.06698732823133469,
        0.2500002086162567,
        0.550000011920929
      ],
      [
        6.6087739725162464e-09,
        0.9659258723258972,
        0.25881895422935486,
        0.5694019198417664
      ],
      [
        0.0,
        0.0,
        0.0,
        1.0
      ]
    ],
    "w2c": [
      [
        -0.2588192820549011,
        -0.9659258127212524,
        0.0,
        -4.93582035687723e-07
      ],
      [
        0.24999989569187164,
        -0.06698732078075409,
        0.9659258127212524,
        -1.5757110816139175e-07
      ],
      [
        -0.9330126643180847,
        0.2500002086162567,
        0.25881895422935486,
        -2.200000047683716
      ],
      [
        -0.0,
        0.0,
        -0.0,
        1.0
      ]
    ]
  },
  {
    "view": 13,
    "intrinsics": {
      "fx": 711.1111111111111,
      "fy": 711.1111111111111,
      "cx": 256.0,
      "cy": 256.0,
      "w": 512,
      "h": 512
    },
    "c2w": [
      [
        -4.371138828673793e-08,
        0.2588190734386444,
        -0.9659258127212524,
        -2.1250367164611816
      ],
      [
        -1.0,
        -6.087958581701969e-08,
        2.8940725371739973e-08,
        2.60241952728158e-16
      ],
      [
        -5.1314749782704894e-08,
        0.9659258127212524,
        0.2588190734386444,
        0.5694019198417664
      ],
      [
        0.0,
        0.0,
        0.0,
        1.0
      ]
    ],
    "w2c": [
      [
        -4.371139183945161e-08,
        -1.0,
        -5.1314749782704894e-08,
        -6.366959581782794e-08
      ],
      [
        0.2588190734386444,
        -6.087958581701969e-08,
        0.9659258127212524,
        -3.8761781971814995e-15
      ],
      [
        -0.9659258127212524,
        2.8940723595383133e-08,
        0.2588190734386444,
        -2.1999998092651367
      ],
      [
        0.0,
        0.0,
        -0.0,
        1.0
      ]
    ]
  },
  {
    "view": 14,
    "intrinsics": {
      "fx": 711.1111111111111,
      "fy": 711.1111111111111,
      "cx": 256.0,
      "cy": 256.0,
      "w": 512,
      "h": 512
    },
    "c2w": [
      [
        0.25881895422935486,
        0.2500000298023224,
        -0.9330127239227295,
        -2.0526280403137207
      ],
      [
        -0.9659258723258972,
        0.0669872835278511,
        -0.24999991059303284,
        -0.550000011920929
      ],
      [
        1.2496670365180762e-10,
        0.9659258127212524,
        0.2588190734386444,
        0.5694019198417664
      ],
      [
        0.0,
        0.0,
        0.0,
        1.0
      ]
    ],
    "w2c": [
      [
        0.25881895422935486,
        -0.9659258723258972,
        3.725290298461914e-09,
        -1.836294103441105e-07
      ],
      [
        0.2500000298023224,
        0.0669872835278511,
        0.9659258723258972,
        7.300047855096636e-08
      ],
      [
        -0.9330127239227295,
        -0.24999991059303284,
        0.2588190734386444,
        -2.200000286102295
      ],
      [
        -0.0,
        0.0,
        -0.0,
        1.0
      ]
    ]
  },
  {
    "view": 15,
    "intrinsics": {
      "fx": 711.1111111111111,
      "fy": 711.1111111111111,
      "cx": 256.0,
      "cy": 256.0,
      "w": 512,
      "h": 512
    },
    "c2w": [
      [
        0.49999988079071045,
        0.2241438329219818,
        -0.8365163803100586,
        -1.8403358459472656
      ],
      [
        -0.8660255074501038,
        0.12940938770771027,
        -0.48296281695365906,
        -1.0625183582305908
      ],
      [
        -6.512757977361616e-08,
        0.9659258723258972,
        0.25881895422935486,
        0.5694019198417664
      ],
      [
        0.0,
        0.0,
        0.0,
        1.0
      ]
    ],
    "w2c": [
      [
        0.49999988079071045,
        -0.8660255074501038,
        -6.705522537231445e-08,
        -2.4778825036264607e-07
      ],
      [
        0.224143847823143,
        0.12940938770771027,
        0.9659258723258972,
        -2.3627889333965868e-07
      ],
      [
        -0.8365164399147034,
        -0.48296281695365906,
        0.25881895422935486,
        -2.200000286102295
      ],
      [
        -0.0,
        0.0,
        -0.0,
        1.0
      ]
    ]
  },
  {
    "view": 16,
    "intrinsics": {
      "fx": 711.1111111111111,
      "fy": 711.1111111111111,
      "cx": 256.0,
      "cy": 256.0,
      "w": 512,
      "h": 512
    },
    "c2w": [
      [
        0.7071066498756409,
        0.18301264941692352,
        -0.683012843132019,
        -1.502627968788147
      ],
      [
        -0.7071069478988647,
        0.183012455701828,
        -0.6830126047134399,
        -1.502627968788147
      ],
      [
        -9.309707138527301e-08,
        0.9659258723258972,
        0.2588188350200653,
        0.5694019198417664
      ],
      [
        0.0,
        0.0,
        0.0,
        1.0
      ]
    ],
    "w2c": [
      [
        0.7071066498756409,
        -0.70710688829422,
        -8.940696716308594e-08,
        -3.727129183062061e-07
      ],
      [
        0.18301264941692352,
        0.183012455701828,
        0.9659258723258972,
        -4.846888259635307e-07
      ],
      [
        -0.6830129027366638,
        -0.6830126047134399,
        0.2588188648223877,
        -2.200000047683716
      ],
      [
        -0.0,
        0.0,
        -0.0,
        1.0
      ]
    ]
  },
  {
    "view": 17,
    "intrinsics": {
      "fx": 711.1111111111111,
      "fy": 711.1111111111111,
      "cx": 256.0,
      "cy": 256.0,
      "w": 512,
      "h": 512
    },
    "c2w": [
      [
        0.8660253882408142,
        0.12940947711467743,
        -0.4829629361629486,
        -1.0625183582305908
      ],
      [
        -0.5,
        0.22414365410804749,
        -0.8365163803100586,
        -1.8403358459472656
      ],
      [
        -7.26102840076237e-08,
        0.9659258723258972,
        0.2588188350200653,
        0.5694019198417664
      ],
      [
        0.0,
        0.0,
        0.0,
        1.0
      ]
    ],
    "w2c": [
      [
        0.866025447845459,
        -0.5,
        -6.705522537231445e-08,
        -2.269469945304081e-09
      ],
      [
        0.12940947711467743,
        0.22414365410804749,
        0.965925931930542,
        -5.212539804233529e-07
      ],
      [
        -0.4829629063606262,
        -0.8365163207054138,
        0.2588188350200653,
        -2.200000047683716
      ],
      [
        -0.0,
        0.0,
        -0.0,
        1.0
      ]
    ]
  },
  {
    "view": 18,
    "intrinsics": {
      "fx": 711.1111111111111,
      "fy": 711.1111111111111,
      "cx": 256.0,
      "cy": 256.0,
      "w": 512,
      "h": 512
    },
    "c2w": [
      [
        0.9659258127212524,
        0.0669872909784317,
        -0.2500000298023224,
        -0.550000011920929
      ],
      [
        -0.2588190734386444,
        0.24999991059303284,
        -0.9330127239227295,
        -2.0526280403137207
      ],
      [
        -8.78571082552071e-09,
        0.9659258723258972,
        0.25881895422935486,
        0.5694019198417664
      ],
      [
        0.0,
        0.0,
        0.0,
        1.0
      ]
    ],
    "w2c": [
      [
        0.9659258723258972,
        -0.2588190734386444,
        -1.1175870895385742e-08,
        -6.049656064988085e-08
      ],
      [
        0.0669872909784317,
        0.24999991059303284,
        0.9659258723258972,
        -1.8814782265508256e-07
      ],
      [
        -0.2500000298023224,
        -0.9330127239227295,
        0.25881895422935486,
        -2.200000047683716
      ],
      [
        -0.0,
        0.0,
        -0.0,
        1.0
      ]
    ]
  },
  {
    "view": 19,
    "intrinsics": {
      "fx": 711.1111111111111,
      "fy": 711.1111111111111,
      "cx": 256.0,
      "cy": 256.0,
      "w": 512,
      "h": 512
    },
    "c2w": [
      [
        1.0,
        4.7544283584184e-17,
        -1.7743771910536192e-16,
        -3.903629423271268e-16
      ],
      [
        -1.8369704112266498e-16,
        0.2588190734386444,
        -0.9659258127212524,
        -2.1250367164611816
      ],
      [
        1.3332348832523067e-23,
        0.9659258127212524,
        0.2588190734386444,
        0.5694019198417664
      ],
      [
        0.0,
        0.0,
        0.0,
        1.0
      ]
    ],
    "w2c": [
      [
        1.0,
        -1.8369704112266498e-16,
        1.6543612251060553e-23,
        -2.5567843374321494e-23
      ],
      [
        4.7544283584184e-17,
        0.2588190734386444,
        0.9659258127212524,
        0.0
      ],
      [
        -1.7743771910536192e-16,
        -0.9659258127212524,
        0.2588190734386444,
        -2.1999998092651367
      ],
      [
        -0.0,
        0.0,
        -0.0,
        1.0
      ]
    ]
  },
  {
    "view": 20,
    "intrinsics": {
      "fx": 711.1111111111111,
      "fy": 711.1111111111111,
      "cx": 256.0,
      "cy": 256.0,
      "w": 512,
      "h": 512
    },
    "c2w": [
      [
        0.9659258127212524,
        -0.0669872909784317,
        0.2500000298023224,
        0.550000011920929
      ],
      [
        0.2588190734386444,
        0.24999991059303284,
        -0.9330127239227295,
        -2.0526280403137207
      ],
      [
        8.78571082552071e-09,
        0.9659258723258972,
        0.25881895422935486,
        0.5694019198417664
      ],
      [
        0.0,
        0.0,
        0.0,
        1.0
      ]
    ],
    "w2c": [
      [
        0.9659258723258972,
        0.2588190734386444,
        1.1175870895385742e-08,
        6.049656064988085e-08
      ],
      [
        -0.0669872909784317,
        0.24999991059303284,
        0.9659258723258972,
        -1.8814782265508256e-07
      ],
      [
        0.2500000298023224,
        -0.9330127239227295,
        0.25881895422935486,
        -2.200000047683716
      ],
      [
        -0.0,
        0.0,
        -0.0,
        1.0
      ]
    ]
  },
  {
    "view": 21,
    "intrinsics": {
      "fx": 711.1111111111111,
      "fy": 711.1111111111111,
      "cx": 256.0,
      "cy": 256.0,
      "w": 512,
      "h": 512
    },
    "c2w": [
      [
        0.8660253882408142,
        -0.12940947711467743,
        0.4829629361629486,
        1.0625183582305908
      ],
      [
        0.5,
        0.22414365410804749,
        -0.8365163803100586,
        -1.8403358459472656
      ],
      [
        7.26102840076237e-08,
        0.9659258723258972,
        0.2588188350200653,
        0.5694019198417664
      ],
      [
        0.0,
        0.0,
        0.0,
        1.0
      ]
    ],
    "w2c": [
      [
        0.866025447845459,
        0.5,
        6.705522537231445e-08,
        2.269469945304081e-09
      ],
      [
        -0.12940947711467743,
        0.22414365410804749,
        0.965925931930542,
        -5.212539804233529e-07
      ],
      [
        0.4829629063606262,
        -0.8365163207054138,
        0.2588188350200653,
        -2.200000047683716
      ],
      [
        -0.0,
        0.0,
        -0.0,
        1.0
      ]
    ]
  },
  {
    "view": 22,
    "intrinsics": {
      "fx": 711.1111111111111,
      "fy": 711.1111111111111,
      "cx": 256.0,
      "cy": 256.0,
      "w": 512,
      "h": 512
    },
    "c2w": [
      [
        0.7071066498756409,
        -0.18301264941692352,
        0.683012843132019,
        1.502627968788147
      ],
      [
        0.7071069478988647,
        0.183012455701828,
        -0.6830126047134399,
        -1.502627968788147
      ],
      [
        9.309707138527301e-08,
        0.9659258723258972,
        0.2588188350200653,
        0.5694019198417664
      ],
      [
        0.0,
        0.0,
        0.0,
        1.0
      ]
    ],
    "w2c": [
      [
        0.7071066498756409,
        0.70710688829422,
        8.940696716308594e-08,
        3.727129183062061e-07
      ],
      [
        -0.18301264941692352,
        0.183012455701828,
        0.9659258723258972,
        -4.846888259635307e-07
      ],
      [
        0.6830129027366638,
        -0.6830126047134399,
        0.2588188648223877,
        -2.200000047683716
      ],
      [
        -0.0,
        0.0,
        -0.0,
        1.0
      ]
    ]
  },
  {
    "view": 23,
    "intrinsics": {
      "fx": 711.1111111111111,
      "fy": 711.1111111111111,
      "cx": 256.0,
      "cy": 256.0,
      "w": 512,
      "h": 512
    },
    "c2w": [
      [
        0.49999988079071045,
        -0.2241438329219818,
        0.8365163803100586,
        1.8403358459472656
      ],
      [
        0.8660255074501038,
        0.12940938770771027,
        -0.48296281695365906,
        -1.0625183582305908
      ],
      [
        6.512757977361616e-08,
        0.9659258723258972,
        0.25881895422935486,
        0.5694019198417664
      ],
      [
        0.0,
        0.0,
        0.0,
        1.0
      ]
    ],
    "w2c": [
      [
        0.49999988079071045,
        0.8660255074501038,
        6.705522537231445e-08,
        2.4778825036264607e-07
      ],
      [
        -0.224143847823143,
        0.12940938770771027,
        0.9659258723258972,
        -2.3627889333965868e-07
      ],
      [
        0.8365164399147034,
        -0.48296281695365906,
        0.25881895422935486,
        -2.200000286102295
      ],
      [
        -0.0,
        0.0,
        -0.0,
        1.0
      ]
    ]
  }
]